-0.27759529120440235 0.24146410515013567 -2.183393898496838 0.9458168083926145 -2.655748930250047 -1.194049206463641 2.768072879137497 1.9888944039454166 3.5367331601661753 -0.6015037417833556 1.3810482808090034 -1.5082103778099996 1.6274405571381485 -0.36701241839914395 -2.262648333856902 0.8052086284351815 0.049648653920722395 -1.3216928506840275 -1.876937937902369 -1.9619837576547194 -1.8815646157420105 -3.229816099008119 -0.015151750936793868 0.4437723614525908 -1.9294220814785776 1.373202521126377 
-0.9977811622437355 1.1660827795301463 1.362020539605202 -0.5412814588526766 -2.90162305968645 -1.534119891851288 1.471034307142376 -1.1583428589790719 1.980886425707951 1.963431053665783 3.3159474886236238 -1.7857068036506607 -2.3493570968703974 -1.7479587401534666 -0.9626735256402478 -0.12776256464781593 -2.0106901806871313 -1.5376602774453592 -1.005614882038995 3.714827139632149 -0.7999559105014635 -2.1267322215346187 -1.3879325290453997 -0.3689677697892271 4.732927494483407 1.5321306234599206 
1.3246130267568965 0.576547494695757 0.10021683651866535 1.3228641335874691 1.2349943761497224 1.1096135169335306 -0.26477787597011737 -0.8177759217931588 -0.23662762674137963 -0.5948632510138167 -0.5662613815126291 -1.5172089367749628 -1.8540459051669769 -1.9677518879110094 0.04188403135719773 0.9154244359396381 0.12630675327079974 -2.4902596363444194 -0.5335912648037566 -0.624927487178481 -0.6736137973507255 -2.0862314154409907 -1.229548125512049 -1.718963348237717 0.42886934731607 -0.20752521099409554 
-0.7622993880803673 1.354633007186252 -2.539516479340494 0.49699978152698243 1.8443061128139968 1.4983949409366444 -1.3636311925247833 -0.7569089121594689 -3.250481984747771 0.519429882731089 -1.7284014331717974 -0.5432744005916387 0.849098458775684 -1.9091018502607187 -0.8911012880069047 -3.8737080490514573 -0.10434073126466772 -0.207582303784191 0.838634855830081 3.7676574726823784 -1.4493140716888002 2.2485862521054294 2.1526225081887853 0.919449121557877 1.7697545764385665 -1.2580366730886154 
-2.800355531045618 2.425980860130179 -2.759465855425389 2.023430156745975 -2.236027767764212 -0.9483551128438454 0.8826686993287471 0.80024115172139 -1.7786958072246253 1.8360990384909184 1.0551699677886537 0.4707432158145872 0.5272643333220438 -1.944697618126855 -2.7767445048389416 -0.77004574509271 1.5985117454182323 -1.3090014957061 0.3597116671867622 -0.9458823531172377 1.7697734323384184 1.785824803277251 0.18205163605742797 0.2304839043650522 1.6366693228628995 -2.2659857125024003 
0.3540896422372414 -2.001415892165611 -1.2105670181210337 0.8549984021930445 -2.1881681386475016 -3.4803703608818473 -1.8478014500470967 -0.9881868865858917 -0.32073348880185854 1.9972400376771564 -0.5746140131056567 -2.035856683636809 -0.5547221623826342 3.469395547231939 0.26952329842185124 0.9212501874767708 1.3792298751995455 0.1685125990296757 -1.6043015002379089 -2.70390450145202 2.007466574223496 1.1416332437869696 -1.2410651206031176 -1.8807981228889634 -0.3363021366322461 -1.4782935043551995 
3.1032425191861117 1.3506081333447173 -4.583947632029261 1.5965559035419132 -1.8529025779076216 -0.38152289200499684 -2.5501347117432305 0.9755642322179643 3.6767960877466317 1.4914833315194913 -1.1678886608130938 -5.1181940213379775 0.13328687135820153 -0.9791629128605311 -0.22836120990426678 0.13336710708960053 -1.033334541676358 -1.4346409716171669 -0.5898566841262612 -2.32629115392386 1.607684450696198 -3.1760538069186777 -1.6575988265991102 2.2442451149419056 0.5647174360810819 1.5353252183933026 
1.487683024892779 1.7655398636019837 -5.76949371918391 -0.35277285659755436 0.6475364715962307 1.11828916071661 -0.9427060684131128 -3.6338518383608185 0.9424663974367539 -1.1126372934419315 -0.1462651905576253 3.728730834646419 1.6072941120299546 0.30495237098286926 -0.6997309249047687 0.49202561473180695 -6.396641812361833 -1.5258397149340206 -3.050507702970528 -0.006571816217057572 2.4611848025079577 1.5748092757348549 0.5263855305725862 0.5019811999293264 0.6678094067415823 -4.288036070696516 
0.11009256219754518 -3.3607806458567087 2.9528289438796897 -2.2340346861635476 -0.40300646227611503 -0.1984290064182066 -1.1630368592140063 -1.0908747205686797 -2.8554378437748182 0.5454198696149837 -1.443343081181396 -2.7873020770569945 1.4384161194804876 -2.915519597793031 0.9050134316101457 -0.6724419888825752 0.6090383511044245 -1.5083556386235832 2.532577092447323 -0.3436712068441657 -0.9483475820160142 -1.056126196510067 1.419695368492118 -0.37170038662739535 1.3745716121632001 0.6762672736430205 
-1.22387088418756 0.8389612490936301 -3.0474923707142385 1.2926145240249973 -1.7981483842815658 0.2787172382540464 0.708935976778048 -1.5345995865502697 2.699202312476038 -0.33094712369496776 0.29760748190781144 1.586581686759552 -1.8870115597329324 0.5130170796653657 -1.0736927784054147 1.4784690445366004 -3.4735822624444888 -1.4047727065688747 -1.9965126161188966 -0.46827703004605703 -0.7146441878071113 -1.621131528988908 0.33640430016848644 0.34911312450534226 -0.5162842039082702 -0.3552156089267337 
-2.0446022395887864 0.29736335085458376 1.803673087167696 -2.655563125454029 -0.2891681066990605 -0.5250676187500535 -0.7324856210468653 3.649555677320118 -3.9434843881392525 0.09827646501792069 2.43753918253032 1.6211959932863154 -2.707987507943844 -2.8276941642977973 -5.035030056826048 -4.158979695102377 -0.5277128799833851 1.743471616224296 4.3273565000546315 2.7173127795324743 -3.397813482265154 1.4913625800531913 0.8261766812914366 0.7826918624303488 0.6773849383194059 -0.054607457454078454 
-1.0151816215684815 -1.1570173417776406 0.4245635575101579 -1.2637676551536643 0.10038393288693312 -2.2929751955531783 -0.7075149894031519 0.39006782332399864 -1.0104804682668627 -2.565830073087808 -0.9853757319043289 0.6740209624820148 -1.0355484464888596 0.18393615654843795 -1.561042920583804 -0.2679478956714945 -0.5809978887177351 0.3183919304176862 -0.1262220454314232 -0.42957418058990254 -0.07606049644635175 0.07790348822329049 -1.2517835736203404 -0.7310839171333999 -1.3616563668431443 -1.2244731792007995 
-2.1842098446961664 2.309991127933349 -1.3034080906476062 -0.7786127984016475 -1.162887254703616 2.69113961712549 0.10380980223452185 0.4434932174875527 -2.20941980626535 2.199554003716404 0.6906822763392415 1.33867206251279 -1.2662997571265886 -1.8040223996773155 -2.3808083302964484 -2.7420985081493985 -1.1529307396987634 -0.8978587717553215 3.0354237673260527 4.393047790964686 -1.5358624972433783 -0.8100321458090272 0.5471876426267853 1.4505129850921743 1.8650807409802206 -1.2472210957457872 
-0.4204940133482676 -1.927329142564895 -0.0448643061382231 -1.6912734638501825 0.2912712697028603 -0.34171862147796034 -0.9030930815863876 -0.791238303303604 -3.0709830022426954 -2.0063494688760146 -0.3697526097777238 0.6404333795199411 -1.8530766788747899 0.09314079555050789 -0.4833472362418963 0.8995742152491862 -0.5842772143150847 0.08878671491662679 0.11450782674316845 -0.964617896719077 -0.36815086108089956 0.15950078884185884 -2.3467351528358646 -0.5734724174045263 -1.321424862823759 -0.5048215901021923 
-0.8587336711738793 3.89459093896914 -3.1563609609873984 -1.5502946326009555 -0.9921205916026747 1.717914393535924 -2.162495780854273 -2.1269266118781505 3.995037859299652 0.8145321079622825 -1.2043237518418455 3.093817268874043 -0.19698237341646638 -1.36660324593523 -1.571690506893227 -2.8230286455839306 -3.7870703123827276 0.3548419291235088 -2.1469603994514337 -0.27150907796351315 -1.8548553246087127 0.45808028603847023 2.7787665250074642 0.4698764852345652 -2.4557749138147105 -1.1374435541309407 
-1.212918263631677 -3.9239873842263817 0.38784091568961543 -1.6989794617888752 -2.4887823415128385 -3.7486553145385235 -2.757032844460785 0.3886314338706133 -0.5123917176714362 1.8745118896551234 -2.130246415910576 -1.8506663581744431 1.2557151155200048 0.5278036615118072 1.8493326031397943 -1.7106439759178282 1.1449481888712436 1.0318619604801875 0.5115070146640577 -2.314997416567151 2.761870538064327 2.0537656961306268 2.359518935050915 0.6463278829082033 0.14441244623765592 -0.746210032478517 
0.8021907265176285 -0.2165154495646192 0.0009754150446339482 1.2946176915866265 -2.1163636746646937 -2.5062817932978683 2.342262586029516 1.8363925342841758 2.4801895194112835 2.493127622271298 2.0601719639906357 -2.9142114459665853 -1.143012208159532 -3.417621248421304 -1.6679100935183435 1.6071848589856819 2.2191170764958645 -2.0409730350635353 -2.7870616725603328 -2.612315066366827 0.8760800039664004 -2.1260588420921236 -1.2143192711926836 -0.8544122706191993 0.5549188281384487 -0.25306255551256723 
-0.43417050961553133 -1.6598814475877817 1.079580683578337 -1.142534466557049 -0.6756690830429006 -2.8822720442258554 -1.2540690175981848 0.5809737080532748 -1.079638518063103 -3.4288502504712493 -0.8161506797668304 0.11685702153373217 -1.264471640388239 -0.27639495174964573 -1.3179301198394613 -0.21327427176101574 -0.3981871449680592 0.09002881821946591 -0.7319689168038486 0.5250675330980172 0.6879044717139793 0.07399880546927669 -2.0501730171738917 -0.717662983659249 -1.0873380613452506 -1.1391786396486439 
-2.069029150736183 0.2203969818262379 1.5290438959666082 -1.5630197570632385 -2.9604656798740994 -1.6667302817078373 -1.0821682316404562 1.1836844529947765 0.5791916827105459 1.3389318024115295 -2.381433126893929 -0.17343840561621598 2.6435482530423102 -0.3857873387648485 1.8560384574799327 -0.1793692416800108 0.39459754311900885 2.210131203602553 -1.024596529113909 -0.6176442459830194 -2.8598998911707163 -2.2224354693441692 0.30130290628588596 -2.9456988384404688 -2.9028528700363396 -0.6153970581876248 
-1.2804016532516527 3.3777370485967806 -1.034034166819793 0.7811618406149733 -1.0275087255989062 3.517630709285234 -0.5547330008664031 -2.288641060977703 3.5984586750313023 1.939987281190306 1.082421104649226 -0.5366167097829734 -1.8752043325514542 -1.3939591177997166 -1.5375631531829546 -4.452413893777663 -2.8734912509409063 -1.484516954207914 -2.365910282748413 0.535987846304223 -1.9755438174011168 -1.381719898511396 0.5837042211832417 0.02093069110937613 0.9721609611267455 0.2466687480245094 
-2.7986519339271836 -0.1552580330051998 -2.876106872025379 -0.49180953838610525 -0.05916726957724146 -0.19705383063351364 1.2933901288956717 -1.256125261642421 -3.2476795190714 -0.40532044293852304 0.5757415184468732 2.045530920320557 -0.04024655788644369 0.29533468947013086 -0.2194625080393584 -0.34438924990538977 0.42245550201271337 -0.027962904913284903 -0.1825065661680867 -0.27684405592345346 -0.328035111533008 1.7509739481343707 -1.1819209923123941 -1.0602738402855107 -0.38961424035115394 -3.2626603822915468 
0.5697944450539199 0.01631390544573165 -2.063805868623398 0.8006442099980682 1.1389572222813407 1.1635926437949702 -0.26647306042175634 1.1942044998880252 -0.48194441598755466 -1.8579794882726743 -1.3964236881764873 1.564323844494591 -0.3094147264799567 1.0941922004900348 -2.352987731558264 -0.03815550454020309 -0.5209263639985368 -0.14051715785535712 -0.3106529730471612 -0.5215211954218906 -0.2211083947637718 -1.118939990247165 -1.9554107452896552 0.8714622317589805 -2.330813045540505 -0.5834430077207124 
-0.8505637397469452 -1.7662007545525151 -2.296106313454904 -1.3650663757807882 -1.6403557618781917 -1.6349207069174412 -1.2889872433760758 -1.3224459284295105 1.1921060443644311 -0.0736092584920995 -1.6485833992503336 4.202322650534421 1.1153884070112712 2.7679956627260083 -1.812210709844307 -1.4541019251236702 -3.2518982406876664 1.6168973907881512 -1.317772402081021 -0.9680238323689253 1.0617094504434161 5.295397817199624 3.062520029279029 1.1732870591611853 -0.9792452651085048 -1.6813363982091225 
-0.6124198174472042 1.7924177859256571 -0.7137996954511924 -0.14474248024713027 -1.3482852070451126 2.5302824612608887 -1.2330642099843847 -2.7511795542982744 2.4772761217860686 2.6283562609627 0.37717415423512596 0.17601311719706395 -0.9005092585934789 -1.0345793490061588 -0.3469691697127353 0.07847488860149993 -3.0483356523563248 -1.1671801524380019 1.5829011241570343 -0.3718039242132727 -1.276652119168519 -1.808755619465583 -1.3933213736697103 -0.669338360259152 -0.7043896507126217 0.8055674729711537 
-1.1383174860166614 -0.3090738911749188 -1.3019533788254476 -0.2752284111493204 -1.6966902362404495 -2.845017598419134 -1.7883575182728844 1.0666547482584552 1.0644191677597665 -0.6864258550685859 -0.5241408204920501 0.27328597768225105 0.8909213320270873 1.0050688833409855 -1.5092671102051243 0.4711369701814484 0.29498975629078744 1.8521939111837293 -0.3015612008978254 -0.39871989165331706 0.6934627923804701 -0.8635948122960028 -2.9352696921764143 -0.6468073656866954 -3.614693354244352 -0.6826264943279379 
-1.0415651230604217 -1.1168959974660484 -0.8991831080212543 -0.1497537693580133 -0.02118132585195714 -1.0087930630142354 -0.0945222225399701 -1.214567479323413 -0.750327528995089 -0.5659189772927818 -0.8084450960551424 -1.3070888942080519 0.5840706540753232 0.09529462365806281 0.19380391554825044 -0.33455506508725136 0.6272541018156017 -0.10527547326425639 -1.0927481605337888 -0.05293050335803763 -1.0521848617472507 -0.21293640214387244 0.9178318797349715 0.17876958650684868 0.1363078940173267 -0.1413162926182531 
0.3301391036200389 -3.8592682440626334 -0.6500435214143523 1.8421542285432442 0.6925914471645653 0.9356102730297073 0.8641736434549938 -2.820798318932193 -0.9766509313188106 0.5537762547949518 -2.378829441870176 -2.5532550840892676 -1.0527740378307282 1.842630855012889 2.867627923514052 1.4502071445485494 0.6400986968456607 -3.0406742109559373 2.2560242725001696 -5.47322272313671 0.8905877173792894 -0.20727108773355496 -0.5898148989070745 1.2547876291920714 1.2141856360433023 1.1590075112103784 
-0.3683247025916319 -1.967378672986286 -0.309518911793831 -0.41637896186067724 1.6025797473412235 2.9677681752471132 1.802758350489916 -0.563439569739461 -1.7790250725714891 0.9157364164595064 -2.5817917662688243 -0.8194393229304733 0.11828432768590565 2.2945960080680914 1.6384079448633229 -2.6861504548505346 -0.17624709988750772 -0.027320730627333926 0.46784192621575055 -1.1369821853864106 -2.8401399751092247 0.3342550362895734 1.2697050010034108 0.780355345904781 -1.4146798469415822 0.5322924381328714 
2.7125058049275435 0.5262710797374315 -1.725895359290721 0.9422751358415868 -0.3708972590099409 0.7876943178958546 -2.124927803967909 -1.7528863830451213 2.7255760740930057 -0.04768013271481354 -1.24011336891448 -3.653916745647859 3.0023124137294155 0.2873516943709079 -0.7233096187636983 0.1794512380344645 -2.7017035706583683 -0.2478128629498443 -1.1304922610182084 -0.04877553068005133 -0.8657933588292779 -3.320649711691824 -0.4007793514872651 1.0430696891429951 -1.1222401772576798 2.50555648235809 
0.25477622596792576 -2.38550922509907 2.2192747528006667 -0.7279906277992015 -2.840959304344712 1.364871805118349 0.753193487662359 -1.507726393340765 1.495193958933698 2.1823599798144073 0.12725620664236034 -3.131097239477622 -0.23016635897894794 -1.9792375290687823 3.6835378709216506 1.2879229838842916 -2.661761105906414 -1.835857882483125 0.5284074384628527 -1.1056963082495297 -3.2250978117007625 -3.9063466503641457 2.08409772628195 -0.9448512435218365 -0.3287138641459951 2.7839955544560877 
-0.6846074394638249 -0.9512173952734664 0.9050681105219481 -1.5181275181655085 -0.37492779106538826 -0.46408255084639655 -1.103783155412565 -0.315582403247779 -2.8026398566740753 -2.578045796506257 -0.3584428366747762 0.3603511952748504 -1.2552530016190748 0.14517855703679897 -1.1596753956169703 -0.45400653988339795 -0.6572948181569729 0.14308433733354334 -0.9154364763693653 -0.10225580150716863 -0.9811503439679475 -0.6579001981293284 -1.9852053804249745 -0.8480831771968559 -1.1971353534569178 -0.9207548375267943 
-0.27474247703007415 -1.687381608757406 -0.33323317569883915 -1.2596692137779064 0.602341446003279 -2.173082262306695 -0.9096785643067187 -0.38966258705004125 -0.180243188170426 -1.2269169510471787 -0.42888190507354623 -2.1303353901708952 -1.4334522473916933 0.5631072529856598 -1.1970740211823894 -0.3233858517502828 -0.6094719754826122 0.08922620220644663 -1.075994141265319 -1.115769924472094 -0.515331185275224 -1.34281316191236 -1.5458297063317334 -0.13666195468842482 -2.2343325075388405 -0.3526178301830268 
1.8858657800986007 2.0411714791136086 -4.62554492840842 1.0609564204134498 1.6188519945707387 1.7702364376593978 1.818994894489129 1.5091154289585704 -2.452665216459825 -1.2421158380144681 -2.450637887436509 -3.441161375627606 0.6340529486495216 1.4721482750852908 3.4942684755501525 -5.869171370156721 2.9592834537638937 -2.2470018808801493 -1.2324670400675428 -3.5475489429421665 1.9830681305659321 -0.07295814014186121 0.7562121574420725 1.7977343777996253 0.5013923951043079 -0.4505716158223685 
-0.44588884896679976 -3.208852422803844 0.04654717514965469 -2.093370649724764 0.5384967712429048 -0.7601187829117225 0.17842580228439203 -1.1440838406606213 -0.763289058985678 -2.074656516555154 0.3216900325746711 0.16247198180667236 -0.92640640511402 0.07265396348079341 0.16997147988038064 1.1443845518908533 -1.5157056921982386 -1.0280992172793149 1.1259883179456336 -1.6111111196219763 -1.2434404077438876 0.1429280446828886 0.25071858345100373 0.5470641840240051 -0.34546669205234876 0.5730674625102296 
-1.8384665559449802 0.06758996687312174 0.22874903722519424 0.4091167233598635 1.1917931120958847 0.6083185763641078 1.5994199668780114 -2.88211440038848 -1.0873160577418532 0.46792711143251886 -0.20517942072033504 -1.0367588769863192 0.18640591004113952 0.0061385462073941105 2.344911566852804 1.0315434538602313 0.16529931958751787 -0.2086876188818171 -2.3186450387489606 -0.12706161783375663 -3.1680957687356375 -2.086226098153473 1.089955594903013 -3.4569161040352094 0.2702950067203806 0.468588101179771 
-0.21858327159863708 0.9979694420430352 -1.8164198311333775 2.7773025421521558 -1.523006172061115 -0.8781299251343542 -1.2637093008931846 0.7174348286832094 1.1729280743529722 1.4902006667323928 -1.0362502657290769 -1.1372296987447381 2.393385098688634 -1.3389157833163787 -0.8814048791485558 0.29453241553850845 -0.4184802092872848 -1.0857909350235526 -0.26429358301645123 -1.3918952681710979 1.0100208401259994 -2.247123581051154 0.9135958394239531 0.42812630515572514 -0.3959332178667617 -0.19147699806609575 
-0.722722941030344 -1.373178547895146 -0.026331342699462322 -1.3580606975161813 -0.4356680496704829 -0.5922801038371185 -1.131206986936908 -0.6353657448178307 -3.167725556884707 -2.430846532300842 -0.440054145226465 1.4751262280120008 -1.352497453373755 0.1484267222353035 -1.0714432480693026 -0.18409764099527232 -1.2530287055236047 0.4009361467903371 -0.0844535727632938 0.10418409829831783 -1.2300887504372238 0.08570677909402663 -1.4476428822694916 -0.40264753865062347 -0.5775471041219906 -0.24890663956765555 
0.6420373609158161 -2.282323867448037 0.26833614296981956 -0.2156361620525228 0.7551430102112948 -0.598401944452692 -0.10067202281944866 -1.423038220470533 -2.656339443108818 -1.7741063713204095 -0.2608500578179633 -1.7557499593325352 -0.658354746507922 -0.3923680795126321 -0.2637379404341047 0.31719769358355376 0.5202176563484849 -0.5406283402315012 -1.0367806769282044 -2.0051277685538595 -0.30592428745313227 -0.3614610103941302 -0.2414925095983856 -2.1895245029747774 -0.5459905485983437 -0.8535556676608109 
-0.1853448734912676 -0.5325230654073189 2.186871406705972 -0.9404893538348109 0.8008385070394272 -1.557608654794981 -1.713548849962304 -0.17801162475269078 -2.104257520249357 -0.04760063243095424 0.9477093347629009 0.724034738405384 -0.8518010908224513 -6.0852843109782615 -0.9603134439063452 0.16977852071181462 0.1384321717509122 -1.5696265837510004 0.5276875819566995 -0.0455593597610644 1.3687392862860177 0.5613861404773807 0.11720762065757431 -3.0185233492606556 0.1551173358891416 -2.0056504982115535 
1.9538769225630837 -2.82339919902774 2.4886513045494065 -0.952627532417964 0.99585880926225 -0.23655970639946716 1.495974382426921 -2.609566642687903 0.4933360842005276 0.4247467480169166 1.8167549998652044 -4.605557925672858 1.378031594656102 -2.3810815633250373 1.362583289916614 1.8547365278664425 -0.3860610537210601 -1.1124253808042106 -2.355369713230688 -0.2013647956739275 -1.8243771108118705 -4.090906735870149 0.222451923549693 -1.2763854998900404 1.6087307655815357 0.9531425151762439 
-0.7802843401864749 -0.004655410444446971 -0.23679426472246623 -1.6641831257806574 0.8650095308112541 -0.1422869685163595 0.5310958384503448 3.024646762475259 -2.623249487985817 0.7698870806336909 -2.6031705101567746 -4.028002233231375 0.5817568458447607 0.22261073871036946 -1.6926142855600386 -6.1526744947595 2.259590179655715 3.4334291066572757 0.7720589035890087 2.503000500448258 -4.566786496139778 0.4899326889516289 -0.4554916302593439 0.6811578608356332 -1.1149794962732256 1.144279268151485 